 1  1  0.000  0.000  0.000  0.000  0.000  0.000  0.000  0.000  0.000  0.000  0.000  0.000  0.000  0.000  0.000  0.000  0.000  0.000  0.000  0.000  0.000  0.000  0.000  0.000 
 1  2  0.000  0.000  0.000  0.000  0.000  0.000  0.000  0.000  0.000  0.000  0.000  0.000  0.000  0.000  0.000  0.000  0.000  0.000  0.000  0.000  0.000  0.000  0.000  0.000 
 1  3  0.000  0.000  0.000  0.000  0.000  0.000  0.000  0.000  0.000  0.000  0.000  0.000  0.000  0.000  0.000  0.000  0.000  0.000  0.000  0.000  0.000  0.000  0.000  0.000 
 1  4  0.000  0.000  0.000  0.000  0.000  0.000  0.000  0.000  0.000  0.000  0.000  0.000  0.000  0.000  0.000  0.000  0.000  0.000  0.000  0.000  0.000  0.000  0.000  0.000 
 1  5  0.000  0.000  0.000  0.000  0.000  0.000  0.000  0.000  0.000  0.000  0.000  0.000  0.000  0.000  0.000  0.000  0.000  0.000  0.000  0.000  0.000  0.000  0.000  0.000 
 1  6  0.000  0.000  0.000  0.000  0.000  0.000  0.000  0.000  0.000  0.000  0.000  0.000  0.000  0.000  0.000  0.000  0.000  0.000  0.000  0.000  0.000  0.000  0.000  0.000 
 1  7  0.000  0.000  0.000  0.000  0.000  0.000  0.000  0.000  0.000  0.000  0.000  0.000  0.000  0.000  0.000  0.000  0.000  0.000  0.000  0.000  0.000  0.000  0.000  0.000 
 1  8  0.000  0.000  0.000  0.000  0.000  0.000  0.000  0.000  0.000  0.000  0.000  0.000  0.000  0.000  0.000  0.000  0.000  0.000  0.000  0.000  0.000  0.000  0.000  0.000 
 1  9  0.000  0.000  0.000  0.000  0.000  0.000  0.000  0.000  0.000  0.000  0.000  0.000  0.000  0.000  0.000  0.000  0.000  0.000  0.000  0.000  0.000  0.000  0.000  0.000 
 1 10  0.000  0.000  0.000  0.000  0.000  0.000  0.000  0.000  0.000  0.000  0.000  0.000  0.000  0.000  0.000  0.000  0.000  0.000  0.000  0.000  0.000  0.000  0.000  0.000 
 1 11  0.000  0.000  0.000  0.000  0.000  0.000  0.000  0.000  0.000  0.000  0.000  0.000  0.000  0.000  0.000  0.000  0.000  0.000  0.000  0.000  0.000  0.000  0.000  0.000 
 1 12  0.000  0.000  0.000  0.000  0.000  0.000  0.000  0.000  0.000  0.000  0.000  0.000  0.000  0.000  0.000  0.000  0.000  0.000  0.000  0.000  0.000  0.000  0.000  0.000 
 2  1  0.000  0.000  0.000  0.000  0.000  0.000  0.000  0.000  0.000  0.000  0.000  0.000  0.000  0.000  0.000  0.000  0.000  0.000  0.000  0.000  0.000  0.000  0.000  0.000 
 2  2  0.000  0.000  0.000  0.000  0.000  0.000  0.000  0.000  0.000  0.000  0.000  0.000  0.000  0.000  0.000  0.000  0.000  0.000  0.000  0.000  0.000  0.000  0.000  0.000 
 2  3  0.000  0.000  0.000  0.000  0.000  0.000  0.000  0.000  0.000  0.000  0.000  0.000  0.000  0.000  0.000  0.000  0.000  0.000  0.000  0.000  0.000  0.000  0.000  0.000 
 2  4  0.000  0.000  0.000  0.000  0.000  0.000  0.000  0.000  0.000  0.000  0.000  0.000  0.000  0.000  0.000  0.000  0.000  0.000  0.000  0.000  0.000  0.000  0.000  0.000 
 2  5  0.000  0.000  0.000  0.000  0.000  0.000  0.000  0.000  0.000  0.000  0.000  0.000  0.000  0.000  0.000  0.000  0.000  0.000  0.000  0.000  0.000  0.000  0.000  0.000 
 2  6  0.000  0.000  0.000  0.000  0.000  0.000  0.000  0.000  0.000  0.000  0.000  0.000  0.000  0.000  0.000  0.000  0.000  0.000  0.000  0.000  0.000  0.000  0.000  0.000 
 2  7  0.000  0.000  0.000  0.000  0.000  0.000  0.000  0.000  0.000  0.000  0.000  0.000  0.000  0.000  0.000  0.000  0.000  0.000  0.000  0.000  0.000  0.000  0.000  0.000 
 2  8  0.000  0.000  0.000  0.000  0.000  0.000  0.000  0.000  0.000  0.000  0.000  0.000  0.000  0.000  0.000  0.000  0.000  0.000  0.000  0.000  0.000  0.000  0.000  0.000 
 2  9  0.000  0.000  0.000  0.000  0.000  0.000  0.000  0.000  0.000  0.000  0.000  0.000  0.000  0.000  0.000  0.000  0.000  0.000  0.000  0.000  0.000  0.000  0.000  0.000 
 2 10  0.000  0.000  0.000  0.000  0.000  0.000  0.000  0.000  0.000  0.000  0.000  0.000  0.000  0.000  0.000  0.000  0.000  0.000  0.000  0.000  0.000  0.000  0.000  0.000 
 2 11  0.000  0.000  0.000  0.000  0.000  0.000  0.000  0.000  0.000  0.000  0.000  0.000  0.000  0.000  0.000  0.000  0.000  0.000  0.000  0.000  0.000  0.000  0.000  0.000 
 2 12  0.000  0.000  0.000  0.000  0.000  0.000  0.000  0.000  0.000  0.000  0.000  0.000  0.000  0.000  0.000  0.000  0.000  0.000  0.000  0.000  0.000  0.000  0.000  0.000 
 3  1 -0.637 -0.635 -0.628 -0.613 -0.601 -0.589 -0.570 -0.590 -0.607 -0.673 -0.732 -0.773 -0.786 -0.771 -0.779 -0.729 -0.702 -0.683 -0.695 -0.697 -0.703 -0.704 -0.667 -0.644 
 3  2 -0.655 -0.644 -0.638 -0.624 -0.621 -0.618 -0.607 -0.613 -0.669 -0.741 -0.798 -0.799 -0.811 -0.815 -0.821 -0.794 -0.795 -0.774 -0.752 -0.749 -0.726 -0.707 -0.705 -0.691 
 3  3 -0.734 -0.724 -0.693 -0.675 -0.663 -0.664 -0.665 -0.684 -0.769 -0.821 -0.881 -0.906 -0.925 -0.939 -0.947 -0.920 -0.919 -0.902 -0.894 -0.855 -0.809 -0.790 -0.775 -0.754 
 3  4 -0.640 -0.622 -0.600 -0.562 -0.556 -0.525 -0.554 -0.578 -0.634 -0.705 -0.751 -0.814 -0.839 -0.893 -0.912 -0.917 -0.923 -0.931 -0.940 -0.894 -0.800 -0.722 -0.693 -0.667 
 3  5 -0.552 -0.520 -0.510 -0.500 -0.485 -0.521 -0.547 -0.602 -0.681 -0.726 -0.771 -0.816 -0.840 -0.867 -0.872 -0.870 -0.880 -0.873 -0.863 -0.826 -0.711 -0.650 -0.613 -0.597 
 3  6 -0.641 -0.634 -0.603 -0.592 -0.564 -0.574 -0.612 -0.687 -0.756 -0.794 -0.801 -0.864 -0.881 -0.892 -0.895 -0.905 -0.903 -0.886 -0.871 -0.886 -0.800 -0.706 -0.673 -0.658 
 3  7 -0.601 -0.591 -0.558 -0.550 -0.533 -0.582 -0.655 -0.718 -0.787 -0.847 -0.911 -0.923 -0.940 -0.986 -0.967 -0.970 -0.960 -0.933 -0.921 -0.941 -0.820 -0.706 -0.660 -0.614 
 3  8 -0.607 -0.598 -0.597 -0.583 -0.556 -0.538 -0.608 -0.656 -0.775 -0.858 -0.921 -0.966 -0.998 -1.017 -0.999 -1.035 -0.981 -0.968 -0.963 -0.896 -0.766 -0.692 -0.669 -0.623 
 3  9 -0.612 -0.598 -0.588 -0.551 -0.542 -0.523 -0.542 -0.624 -0.703 -0.799 -0.852 -0.900 -0.928 -0.949 -0.942 -0.951 -0.956 -0.946 -0.875 -0.767 -0.708 -0.653 -0.633 -0.624 
 3 10 -0.635 -0.591 -0.570 -0.550 -0.543 -0.538 -0.522 -0.561 -0.697 -0.810 -0.870 -0.892 -0.912 -0.908 -0.923 -0.902 -0.900 -0.840 -0.795 -0.751 -0.724 -0.724 -0.677 -0.658 
 3 11 -0.671 -0.652 -0.647 -0.621 -0.614 -0.631 -0.642 -0.628 -0.653 -0.736 -0.813 -0.843 -0.850 -0.851 -0.859 -0.809 -0.765 -0.744 -0.744 -0.735 -0.727 -0.732 -0.719 -0.692 
 3 12 -0.624 -0.612 -0.586 -0.585 -0.590 -0.602 -0.600 -0.613 -0.605 -0.626 -0.692 -0.729 -0.743 -0.727 -0.727 -0.701 -0.680 -0.653 -0.646 -0.661 -0.661 -0.653 -0.632 -0.616 
 4  1 -0.068 -0.073 -0.064 -0.094 -0.084 -0.061 -0.094 -0.125 -0.130 -0.214 -0.235 -0.266 -0.247 -0.312 -0.336 -0.307 -0.276 -0.303 -0.262 -0.210 -0.196 -0.181 -0.128 -0.108 
 4  2 -0.062 -0.033 -0.009 -0.060 -0.029 -0.131 -0.120 -0.161 -0.233 -0.293 -0.320 -0.392 -0.408 -0.466 -0.460 -0.487 -0.428 -0.342 -0.330 -0.288 -0.275 -0.210 -0.145 -0.132 
 4  3 -0.010  0.041  0.062  0.071  0.014 -0.000 -0.111 -0.224 -0.323 -0.369 -0.420 -0.418 -0.471 -0.456 -0.504 -0.495 -0.451 -0.412 -0.320 -0.239 -0.174 -0.191 -0.135 -0.115 
 4  4 -0.046 -0.009  0.012  0.021 -0.002 -0.060 -0.285 -0.360 -0.429 -0.467 -0.531 -0.590 -0.597 -0.638 -0.647 -0.655 -0.660 -0.665 -0.533 -0.401 -0.288 -0.172 -0.154 -0.131 
 4  5 -0.364 -0.321 -0.288 -0.266 -0.263 -0.432 -0.535 -0.558 -0.583 -0.652 -0.747 -0.726 -0.780 -0.772 -0.833 -0.902 -0.903 -0.884 -0.879 -0.852 -0.677 -0.515 -0.468 -0.363 
 4  6 -0.402 -0.336 -0.303 -0.296 -0.367 -0.573 -0.622 -0.642 -0.681 -0.721 -0.816 -0.824 -0.937 -0.928 -0.947 -0.906 -0.815 -0.910 -0.885 -0.904 -0.841 -0.686 -0.529 -0.464 
 4  7 -0.497 -0.432 -0.403 -0.395 -0.389 -0.529 -0.580 -0.617 -0.575 -0.690 -0.644 -0.732 -0.724 -0.763 -0.835 -0.962 -0.982 -0.929 -0.912 -0.970 -0.951 -0.829 -0.754 -0.640 
 4  8 -0.380 -0.326 -0.268 -0.281 -0.257 -0.316 -0.489 -0.457 -0.379 -0.460 -0.525 -0.557 -0.589 -0.603 -0.599 -0.681 -0.674 -0.670 -0.702 -0.729 -0.598 -0.513 -0.427 -0.357 
 4  9 -0.088 -0.064 -0.074 -0.008 -0.025 -0.054 -0.220 -0.315 -0.253 -0.320 -0.403 -0.525 -0.529 -0.579 -0.573 -0.619 -0.552 -0.554 -0.442 -0.394 -0.297 -0.248 -0.174 -0.127 
 4 10 -0.004  0.006  0.021  0.014 -0.030 -0.001  0.021 -0.078 -0.147 -0.279 -0.364 -0.397 -0.493 -0.503 -0.497 -0.495 -0.431 -0.305 -0.250 -0.189 -0.142 -0.161 -0.147 -0.079 
 4 11 -0.052 -0.065 -0.057 -0.055 -0.053 -0.080 -0.085 -0.081 -0.172 -0.222 -0.244 -0.284 -0.325 -0.323 -0.329 -0.287 -0.238 -0.227 -0.185 -0.183 -0.120 -0.076 -0.083 -0.067 
 4 12 -0.166 -0.152 -0.147 -0.152 -0.149 -0.152 -0.156 -0.160 -0.169 -0.215 -0.237 -0.258 -0.306 -0.350 -0.355 -0.270 -0.249 -0.261 -0.232 -0.229 -0.183 -0.172 -0.168 -0.191 
 5  1 -0.336 -0.329 -0.333 -0.323 -0.332 -0.321 -0.351 -0.382 -0.390 -0.469 -0.581 -0.695 -0.751 -0.808 -0.818 -0.815 -0.750 -0.596 -0.491 -0.473 -0.462 -0.419 -0.394 -0.342 
 5  2 -0.312 -0.340 -0.319 -0.334 -0.354 -0.339 -0.356 -0.406 -0.475 -0.592 -0.727 -0.816 -0.862 -0.911 -0.938 -0.931 -0.918 -0.761 -0.601 -0.526 -0.495 -0.415 -0.415 -0.355 
 5  3 -0.142 -0.143 -0.105 -0.134 -0.134 -0.140 -0.186 -0.331 -0.542 -0.701 -0.774 -0.875 -0.900 -0.931 -0.974 -1.004 -0.958 -0.901 -0.707 -0.518 -0.354 -0.256 -0.229 -0.198 
 5  4  0.285  0.344  0.268  0.248  0.183  0.048 -0.104 -0.430 -0.611 -0.717 -0.817 -0.965 -0.910 -0.961 -0.940 -0.965 -1.003 -0.932 -0.825 -0.573 -0.266 -0.071  0.084  0.229 
 5  5  0.118  0.174  0.162  0.199  0.107 -0.083 -0.413 -0.667 -0.765 -0.825 -0.927 -0.951 -0.964 -1.019 -1.036 -1.057 -1.036 -1.058 -0.971 -0.821 -0.471 -0.171  0.000  0.033 
 5  6 -0.034 -0.047 -0.033 -0.028 -0.068 -0.293 -0.567 -0.720 -0.846 -0.892 -0.915 -1.013 -1.036 -1.036 -1.094 -1.163 -1.222 -1.155 -1.173 -1.127 -0.797 -0.401 -0.226 -0.128 
 5  7 -0.119 -0.106 -0.136 -0.144 -0.185 -0.341 -0.544 -0.662 -0.708 -0.773 -0.872 -0.852 -0.983 -1.031 -1.040 -1.080 -1.091 -1.129 -1.134 -1.113 -0.768 -0.406 -0.243 -0.191 
 5  8  0.073  0.104  0.133  0.093  0.050 -0.105 -0.292 -0.460 -0.520 -0.633 -0.746 -0.824 -0.881 -1.004 -1.015 -1.036 -1.021 -1.064 -1.055 -0.846 -0.429 -0.200 -0.059 -0.010 
 5  9  0.065  0.118  0.107  0.100  0.012 -0.110 -0.157 -0.328 -0.491 -0.628 -0.768 -0.816 -0.878 -0.946 -1.003 -1.002 -1.014 -0.990 -0.770 -0.441 -0.290 -0.186 -0.057  0.018 
 5 10 -0.050 -0.055 -0.037 -0.067 -0.086 -0.185 -0.211 -0.240 -0.408 -0.554 -0.648 -0.754 -0.806 -0.881 -0.852 -0.904 -0.928 -0.744 -0.545 -0.434 -0.346 -0.257 -0.203 -0.119 
 5 11 -0.211 -0.182 -0.207 -0.202 -0.236 -0.235 -0.246 -0.311 -0.333 -0.452 -0.552 -0.660 -0.728 -0.799 -0.782 -0.794 -0.683 -0.521 -0.438 -0.406 -0.403 -0.331 -0.300 -0.263 
 5 12 -0.329 -0.314 -0.316 -0.318 -0.282 -0.271 -0.281 -0.310 -0.323 -0.405 -0.565 -0.690 -0.737 -0.815 -0.809 -0.755 -0.622 -0.530 -0.501 -0.470 -0.429 -0.409 -0.396 -0.375 
 6  1 -0.396 -0.370 -0.346 -0.329 -0.330 -0.269 -0.275 -0.271 -0.265 -0.247 -0.230 -0.277 -0.360 -0.425 -0.512 -0.563 -0.593 -0.590 -0.548 -0.498 -0.493 -0.430 -0.434 -0.412 
 6  2 -0.452 -0.415 -0.379 -0.348 -0.330 -0.287 -0.264 -0.254 -0.234 -0.221 -0.279 -0.369 -0.520 -0.648 -0.735 -0.833 -0.850 -0.862 -0.792 -0.747 -0.705 -0.595 -0.574 -0.505 
 6  3 -0.588 -0.562 -0.509 -0.442 -0.385 -0.279 -0.246 -0.203 -0.171 -0.270 -0.439 -0.655 -0.827 -0.984 -1.042 -1.054 -1.038 -1.039 -1.025 -0.993 -0.895 -0.782 -0.718 -0.652 
 6  4 -0.532 -0.474 -0.389 -0.335 -0.252 -0.211 -0.109 -0.074 -0.201 -0.456 -0.726 -0.947 -1.070 -1.078 -1.160 -1.116 -1.122 -1.099 -1.003 -1.025 -1.001 -0.891 -0.795 -0.672 
 6  5 -0.520 -0.414 -0.316 -0.259 -0.226 -0.152 -0.001 -0.026 -0.277 -0.559 -0.825 -1.010 -1.121 -1.171 -1.200 -1.174 -1.193 -1.121 -1.046 -0.979 -0.982 -0.869 -0.765 -0.640 
 6  6 -0.575 -0.474 -0.371 -0.269 -0.255 -0.167 -0.091 -0.097 -0.383 -0.640 -0.897 -1.044 -1.137 -1.174 -1.132 -1.168 -1.192 -1.101 -1.133 -1.115 -1.071 -0.894 -0.846 -0.704 
 6  7 -0.608 -0.490 -0.419 -0.360 -0.222 -0.121 -0.010  0.025 -0.186 -0.489 -0.742 -0.941 -1.044 -1.080 -1.130 -1.125 -1.177 -1.126 -1.098 -1.063 -1.071 -0.909 -0.867 -0.721 
 6  8 -0.441 -0.330 -0.247 -0.180 -0.083 -0.056  0.118  0.245  0.110 -0.202 -0.541 -0.822 -0.961 -1.026 -1.098 -1.101 -1.112 -1.077 -1.071 -1.033 -0.966 -0.822 -0.706 -0.578 
 6  9 -0.313 -0.243 -0.168 -0.128 -0.064 -0.043  0.012  0.123  0.141 -0.012 -0.341 -0.664 -0.859 -0.970 -1.047 -1.039 -1.049 -1.039 -0.994 -0.934 -0.815 -0.624 -0.538 -0.419 
 6 10 -0.269 -0.215 -0.193 -0.160 -0.133 -0.094 -0.063 -0.043  0.022  0.035 -0.111 -0.315 -0.551 -0.715 -0.847 -0.867 -0.846 -0.799 -0.701 -0.648 -0.530 -0.432 -0.362 -0.314 
 6 11 -0.423 -0.371 -0.342 -0.350 -0.342 -0.315 -0.251 -0.313 -0.303 -0.255 -0.287 -0.346 -0.474 -0.562 -0.687 -0.726 -0.707 -0.713 -0.650 -0.630 -0.590 -0.505 -0.498 -0.462 
 6 12 -0.423 -0.410 -0.412 -0.384 -0.399 -0.341 -0.330 -0.318 -0.336 -0.338 -0.319 -0.352 -0.407 -0.483 -0.557 -0.605 -0.593 -0.576 -0.539 -0.537 -0.515 -0.445 -0.459 -0.438 
 7  1 -0.305 -0.298 -0.279 -0.259 -0.245 -0.253 -0.240 -0.240 -0.231 -0.206 -0.235 -0.282 -0.320 -0.365 -0.418 -0.467 -0.477 -0.451 -0.424 -0.395 -0.368 -0.346 -0.339 -0.326 
 7  2 -0.357 -0.336 -0.316 -0.294 -0.285 -0.274 -0.262 -0.255 -0.231 -0.243 -0.315 -0.371 -0.429 -0.485 -0.549 -0.623 -0.679 -0.677 -0.620 -0.571 -0.519 -0.472 -0.432 -0.389 
 7  3 -0.517 -0.483 -0.461 -0.438 -0.427 -0.412 -0.391 -0.387 -0.404 -0.473 -0.550 -0.606 -0.651 -0.688 -0.738 -0.782 -0.833 -0.872 -0.844 -0.772 -0.708 -0.639 -0.584 -0.541 
 7  4 -0.481 -0.445 -0.402 -0.364 -0.328 -0.297 -0.259 -0.340 -0.456 -0.567 -0.654 -0.676 -0.708 -0.704 -0.732 -0.758 -0.806 -0.853 -0.897 -0.847 -0.762 -0.685 -0.610 -0.538 
 7  5 -0.461 -0.406 -0.371 -0.330 -0.284 -0.243 -0.280 -0.411 -0.513 -0.608 -0.641 -0.676 -0.697 -0.709 -0.740 -0.751 -0.771 -0.792 -0.828 -0.855 -0.762 -0.673 -0.599 -0.524 
 7  6 -0.487 -0.435 -0.384 -0.352 -0.309 -0.289 -0.345 -0.450 -0.558 -0.638 -0.662 -0.691 -0.719 -0.706 -0.710 -0.735 -0.763 -0.797 -0.838 -0.891 -0.820 -0.718 -0.629 -0.563 
 7  7 -0.474 -0.434 -0.387 -0.346 -0.303 -0.266 -0.295 -0.408 -0.523 -0.622 -0.676 -0.695 -0.694 -0.699 -0.727 -0.763 -0.794 -0.824 -0.841 -0.888 -0.787 -0.679 -0.601 -0.526 
 7  8 -0.422 -0.373 -0.331 -0.299 -0.275 -0.225 -0.201 -0.286 -0.412 -0.540 -0.633 -0.661 -0.679 -0.708 -0.724 -0.773 -0.797 -0.839 -0.894 -0.878 -0.757 -0.647 -0.562 -0.497 
 7  9 -0.393 -0.362 -0.329 -0.283 -0.260 -0.245 -0.215 -0.218 -0.308 -0.434 -0.545 -0.617 -0.667 -0.712 -0.755 -0.789 -0.828 -0.876 -0.846 -0.745 -0.649 -0.561 -0.493 -0.441 
 7 10 -0.337 -0.307 -0.281 -0.269 -0.260 -0.250 -0.246 -0.228 -0.208 -0.277 -0.342 -0.417 -0.492 -0.546 -0.617 -0.682 -0.732 -0.707 -0.639 -0.566 -0.504 -0.458 -0.414 -0.372 
 7 11 -0.372 -0.356 -0.346 -0.333 -0.320 -0.323 -0.312 -0.309 -0.293 -0.295 -0.327 -0.365 -0.414 -0.457 -0.499 -0.548 -0.549 -0.517 -0.487 -0.465 -0.436 -0.409 -0.395 -0.386 
 7 12 -0.265 -0.256 -0.241 -0.242 -0.236 -0.229 -0.230 -0.227 -0.216 -0.214 -0.241 -0.274 -0.300 -0.328 -0.382 -0.422 -0.417 -0.389 -0.371 -0.342 -0.335 -0.310 -0.291 -0.279 
 8  1 -0.346 -0.337 -0.317 -0.316 -0.319 -0.310 -0.311 -0.310 -0.305 -0.331 -0.365 -0.395 -0.404 -0.424 -0.456 -0.510 -0.514 -0.478 -0.448 -0.417 -0.401 -0.382 -0.369 -0.359 
 8  2 -0.459 -0.432 -0.423 -0.402 -0.390 -0.380 -0.376 -0.374 -0.397 -0.448 -0.512 -0.570 -0.630 -0.669 -0.687 -0.709 -0.728 -0.717 -0.665 -0.601 -0.564 -0.527 -0.508 -0.491 
 8  3 -0.543 -0.506 -0.488 -0.467 -0.445 -0.424 -0.408 -0.426 -0.479 -0.530 -0.593 -0.670 -0.730 -0.757 -0.797 -0.822 -0.844 -0.851 -0.832 -0.765 -0.686 -0.638 -0.605 -0.567 
 8  4 -0.523 -0.477 -0.448 -0.415 -0.387 -0.369 -0.383 -0.436 -0.484 -0.546 -0.614 -0.662 -0.713 -0.759 -0.768 -0.779 -0.789 -0.791 -0.789 -0.772 -0.707 -0.648 -0.604 -0.560 
 8  5 -0.516 -0.485 -0.452 -0.421 -0.395 -0.393 -0.430 -0.449 -0.486 -0.546 -0.599 -0.660 -0.691 -0.733 -0.771 -0.779 -0.784 -0.780 -0.776 -0.751 -0.706 -0.657 -0.615 -0.555 
 8  6 -0.506 -0.479 -0.448 -0.414 -0.381 -0.396 -0.423 -0.458 -0.502 -0.568 -0.638 -0.677 -0.712 -0.721 -0.745 -0.757 -0.756 -0.744 -0.734 -0.732 -0.704 -0.643 -0.584 -0.545 
 8  7 -0.478 -0.451 -0.417 -0.387 -0.372 -0.380 -0.428 -0.482 -0.518 -0.596 -0.649 -0.710 -0.740 -0.775 -0.781 -0.779 -0.782 -0.786 -0.774 -0.757 -0.693 -0.596 -0.546 -0.514 
 8  8 -0.433 -0.396 -0.372 -0.351 -0.330 -0.308 -0.357 -0.412 -0.425 -0.494 -0.574 -0.649 -0.684 -0.723 -0.744 -0.738 -0.740 -0.744 -0.730 -0.689 -0.591 -0.520 -0.487 -0.463 
 8  9 -0.376 -0.346 -0.318 -0.287 -0.271 -0.255 -0.251 -0.336 -0.403 -0.452 -0.544 -0.624 -0.670 -0.701 -0.732 -0.744 -0.753 -0.747 -0.687 -0.595 -0.515 -0.468 -0.440 -0.400 
 8 10 -0.344 -0.321 -0.299 -0.293 -0.284 -0.277 -0.271 -0.278 -0.311 -0.357 -0.428 -0.480 -0.526 -0.571 -0.601 -0.631 -0.650 -0.604 -0.516 -0.463 -0.435 -0.407 -0.383 -0.361 
 8 11 -0.370 -0.359 -0.344 -0.336 -0.329 -0.328 -0.318 -0.322 -0.343 -0.390 -0.442 -0.490 -0.518 -0.563 -0.602 -0.629 -0.610 -0.549 -0.518 -0.479 -0.452 -0.438 -0.410 -0.389 
 8 12 -0.407 -0.393 -0.374 -0.368 -0.361 -0.359 -0.358 -0.363 -0.370 -0.407 -0.452 -0.483 -0.497 -0.517 -0.556 -0.566 -0.541 -0.513 -0.495 -0.481 -0.465 -0.449 -0.428 -0.422 
 9  1 -0.657 -0.649 -0.636 -0.647 -0.610 -0.591 -0.604 -0.611 -0.601 -0.546 -0.536 -0.553 -0.566 -0.596 -0.629 -0.664 -0.718 -0.745 -0.743 -0.737 -0.685 -0.670 -0.666 -0.654 
 9  2 -0.711 -0.692 -0.689 -0.683 -0.656 -0.665 -0.652 -0.645 -0.617 -0.549 -0.576 -0.583 -0.615 -0.626 -0.652 -0.680 -0.702 -0.770 -0.783 -0.784 -0.742 -0.749 -0.734 -0.712 
 9  3 -0.775 -0.760 -0.761 -0.752 -0.758 -0.755 -0.721 -0.661 -0.655 -0.684 -0.710 -0.728 -0.766 -0.788 -0.778 -0.788 -0.824 -0.846 -0.896 -0.907 -0.875 -0.850 -0.823 -0.813 
 9  4 -0.875 -0.844 -0.810 -0.796 -0.785 -0.750 -0.624 -0.584 -0.647 -0.692 -0.760 -0.755 -0.767 -0.796 -0.810 -0.809 -0.810 -0.819 -0.875 -1.018 -1.076 -1.031 -0.985 -0.924 
 9  5 -0.874 -0.837 -0.799 -0.769 -0.765 -0.656 -0.525 -0.545 -0.591 -0.646 -0.690 -0.704 -0.710 -0.787 -0.754 -0.767 -0.793 -0.781 -0.803 -0.877 -0.969 -0.998 -0.969 -0.924 
 9  6 -0.820 -0.783 -0.747 -0.738 -0.708 -0.600 -0.545 -0.588 -0.623 -0.666 -0.700 -0.739 -0.778 -0.758 -0.808 -0.754 -0.752 -0.748 -0.733 -0.755 -0.896 -0.980 -0.954 -0.887 
 9  7 -0.846 -0.802 -0.758 -0.734 -0.725 -0.663 -0.541 -0.574 -0.651 -0.764 -0.816 -0.856 -0.863 -0.921 -0.903 -0.861 -0.843 -0.835 -0.786 -0.831 -0.970 -1.013 -0.981 -0.902 
 9  8 -0.936 -0.883 -0.857 -0.831 -0.814 -0.766 -0.585 -0.537 -0.620 -0.722 -0.788 -0.837 -0.871 -0.972 -0.928 -0.923 -0.928 -0.913 -0.920 -1.024 -1.164 -1.140 -1.070 -1.003 
 9  9 -0.898 -0.879 -0.851 -0.824 -0.798 -0.772 -0.688 -0.555 -0.578 -0.672 -0.748 -0.787 -0.810 -0.868 -0.893 -0.906 -0.902 -0.915 -1.004 -1.052 -1.001 -0.961 -0.928 -0.910 
 9 10 -0.720 -0.707 -0.693 -0.685 -0.686 -0.669 -0.647 -0.621 -0.585 -0.642 -0.709 -0.747 -0.782 -0.776 -0.818 -0.849 -0.848 -0.879 -0.889 -0.843 -0.815 -0.776 -0.748 -0.709 
 9 11 -0.663 -0.650 -0.655 -0.654 -0.647 -0.664 -0.657 -0.662 -0.647 -0.624 -0.668 -0.684 -0.726 -0.757 -0.782 -0.812 -0.815 -0.810 -0.799 -0.761 -0.722 -0.699 -0.686 -0.673 
 9 12 -0.678 -0.664 -0.650 -0.648 -0.670 -0.646 -0.646 -0.667 -0.632 -0.580 -0.610 -0.616 -0.638 -0.676 -0.708 -0.758 -0.792 -0.785 -0.769 -0.765 -0.722 -0.715 -0.698 -0.707 
10  1 -0.652 -0.668 -0.676 -0.686 -0.648 -0.656 -0.635 -0.616 -0.603 -0.643 -0.703 -0.818 -0.859 -0.884 -0.859 -0.867 -0.831 -0.751 -0.738 -0.720 -0.714 -0.670 -0.651 -0.645 
10  2 -0.604 -0.617 -0.635 -0.640 -0.629 -0.627 -0.619 -0.595 -0.587 -0.651 -0.711 -0.816 -0.882 -0.921 -0.924 -0.944 -0.939 -0.868 -0.780 -0.715 -0.682 -0.647 -0.646 -0.619 
10  3 -0.520 -0.528 -0.523 -0.560 -0.599 -0.548 -0.507 -0.514 -0.558 -0.671 -0.757 -0.826 -0.859 -0.878 -0.854 -0.860 -0.888 -0.893 -0.798 -0.722 -0.668 -0.585 -0.570 -0.531 
10  4 -0.185 -0.156 -0.131 -0.133 -0.122 -0.083  0.013 -0.147 -0.446 -0.688 -0.780 -0.828 -0.893 -0.840 -0.823 -0.849 -0.864 -0.876 -0.883 -0.778 -0.614 -0.468 -0.366 -0.251 
10  5 -0.166 -0.093 -0.097 -0.077 -0.066  0.016 -0.017 -0.280 -0.550 -0.747 -0.800 -0.857 -0.816 -0.779 -0.800 -0.800 -0.849 -0.861 -0.864 -0.811 -0.659 -0.453 -0.319 -0.260 
10  6 -0.250 -0.220 -0.196 -0.207 -0.173 -0.095 -0.171 -0.395 -0.588 -0.683 -0.738 -0.776 -0.736 -0.732 -0.718 -0.725 -0.765 -0.805 -0.817 -0.809 -0.669 -0.495 -0.379 -0.308 
10  7 -0.296 -0.262 -0.234 -0.211 -0.188 -0.056 -0.035 -0.263 -0.477 -0.682 -0.779 -0.807 -0.785 -0.768 -0.792 -0.836 -0.843 -0.859 -0.860 -0.853 -0.710 -0.518 -0.384 -0.326 
10  8 -0.139 -0.143 -0.145 -0.120 -0.124 -0.073  0.078 -0.057 -0.276 -0.537 -0.722 -0.760 -0.796 -0.776 -0.751 -0.823 -0.809 -0.850 -0.827 -0.714 -0.516 -0.324 -0.227 -0.170 
10  9 -0.281 -0.290 -0.310 -0.300 -0.280 -0.257 -0.134 -0.114 -0.278 -0.503 -0.688 -0.809 -0.822 -0.831 -0.806 -0.853 -0.846 -0.824 -0.707 -0.600 -0.467 -0.385 -0.342 -0.299 
10 10 -0.433 -0.438 -0.428 -0.423 -0.413 -0.400 -0.402 -0.334 -0.362 -0.537 -0.684 -0.782 -0.797 -0.813 -0.849 -0.857 -0.858 -0.761 -0.652 -0.558 -0.519 -0.476 -0.506 -0.465 
10 11 -0.626 -0.635 -0.620 -0.623 -0.620 -0.626 -0.628 -0.617 -0.636 -0.706 -0.785 -0.823 -0.834 -0.834 -0.838 -0.832 -0.787 -0.727 -0.704 -0.681 -0.656 -0.662 -0.635 -0.640 
10 12 -0.612 -0.606 -0.632 -0.623 -0.636 -0.615 -0.620 -0.614 -0.600 -0.628 -0.693 -0.750 -0.787 -0.811 -0.790 -0.777 -0.737 -0.680 -0.673 -0.665 -0.665 -0.656 -0.644 -0.639 
11  1  0.151  0.151  0.232  0.232  0.205 -0.024  0.001  0.011 -0.022 -0.137 -0.257 -0.387 -0.472 -0.517 -0.525 -0.480 -0.389 -0.328 -0.285 -0.193 -0.170 -0.126  0.007  0.025 
11  2 -0.316 -0.316 -0.298 -0.298 -0.271 -0.125 -0.118 -0.134 -0.236 -0.372 -0.538 -0.640 -0.712 -0.723 -0.722 -0.703 -0.635 -0.525 -0.443 -0.276 -0.239 -0.193 -0.274 -0.272 
11  3 -0.421 -0.421 -0.402 -0.402 -0.225 -0.148 -0.162 -0.250 -0.399 -0.587 -0.715 -0.775 -0.787 -0.796 -0.811 -0.799 -0.779 -0.689 -0.543 -0.549 -0.509 -0.485 -0.472 -0.454 
11  4 -0.096 -0.096  0.131  0.131 -0.078 -0.079 -0.227 -0.446 -0.692 -0.848 -0.914 -0.942 -0.945 -0.945 -0.926 -0.940 -0.911 -0.862 -0.738 -0.609 -0.495 -0.415 -0.239 -0.177 
11  5 -0.281 -0.281 -0.176 -0.176 -0.116 -0.219 -0.410 -0.621 -0.769 -0.858 -0.881 -0.877 -0.881 -0.875 -0.875 -0.878 -0.867 -0.856 -0.797 -0.618 -0.469 -0.358 -0.330 -0.308 
11  6 -0.375 -0.375 -0.290 -0.290 -0.138 -0.302 -0.501 -0.699 -0.815 -0.867 -0.885 -0.881 -0.897 -0.884 -0.866 -0.851 -0.863 -0.852 -0.807 -0.647 -0.507 -0.450 -0.460 -0.397 
11  7 -0.206 -0.206 -0.190 -0.190 -0.137 -0.242 -0.427 -0.630 -0.785 -0.865 -0.895 -0.886 -0.893 -0.882 -0.887 -0.882 -0.868 -0.842 -0.777 -0.608 -0.481 -0.397 -0.328 -0.269 
11  8 -0.153 -0.153 -0.061 -0.061 -0.090 -0.100 -0.276 -0.494 -0.702 -0.827 -0.885 -0.901 -0.903 -0.898 -0.879 -0.873 -0.866 -0.829 -0.690 -0.508 -0.432 -0.338 -0.226 -0.158 
11  9 -0.183 -0.183 -0.111 -0.111 -0.057 -0.045 -0.122 -0.290 -0.531 -0.713 -0.804 -0.845 -0.848 -0.867 -0.877 -0.865 -0.847 -0.740 -0.548 -0.464 -0.388 -0.343 -0.288 -0.255 
11 10 -0.286 -0.286 -0.258 -0.258  0.005 -0.001 -0.000 -0.083 -0.237 -0.421 -0.578 -0.677 -0.732 -0.765 -0.761 -0.751 -0.655 -0.483 -0.378 -0.281 -0.210 -0.167 -0.311 -0.285 
11 11 -0.109 -0.109 -0.098 -0.098 -0.114 -0.004  0.006  0.004 -0.063 -0.165 -0.294 -0.407 -0.488 -0.521 -0.520 -0.460 -0.352 -0.287 -0.243 -0.170 -0.137 -0.106 -0.128 -0.162 
11 12 -0.295 -0.295 -0.259 -0.259 -0.254  0.000  0.011  0.010 -0.020 -0.105 -0.196 -0.284 -0.356 -0.407 -0.400 -0.338 -0.256 -0.198 -0.163 -0.156 -0.155 -0.144 -0.294 -0.277 
12  1 -0.268 -0.260 -0.253 -0.257 -0.255 -0.262 -0.265 -0.284 -0.302 -0.392 -0.492 -0.577 -0.641 -0.657 -0.657 -0.664 -0.607 -0.521 -0.455 -0.410 -0.371 -0.332 -0.316 -0.290 
12  2 -0.270 -0.261 -0.249 -0.239 -0.237 -0.230 -0.250 -0.275 -0.370 -0.523 -0.636 -0.694 -0.743 -0.763 -0.784 -0.796 -0.774 -0.667 -0.538 -0.455 -0.405 -0.366 -0.323 -0.285 
12  3 -0.315 -0.298 -0.282 -0.273 -0.250 -0.231 -0.260 -0.404 -0.595 -0.731 -0.812 -0.854 -0.894 -0.900 -0.903 -0.902 -0.902 -0.858 -0.735 -0.577 -0.476 -0.402 -0.379 -0.339 
12  4 -0.246 -0.220 -0.194 -0.156 -0.148 -0.152 -0.330 -0.594 -0.738 -0.808 -0.846 -0.879 -0.882 -0.875 -0.881 -0.876 -0.885 -0.876 -0.841 -0.676 -0.508 -0.415 -0.332 -0.291 
12  5 -0.243 -0.206 -0.166 -0.148 -0.118 -0.233 -0.527 -0.705 -0.778 -0.816 -0.830 -0.813 -0.831 -0.815 -0.834 -0.842 -0.823 -0.815 -0.818 -0.739 -0.548 -0.424 -0.354 -0.295 
12  6 -0.239 -0.211 -0.185 -0.171 -0.167 -0.355 -0.603 -0.761 -0.806 -0.825 -0.819 -0.826 -0.813 -0.807 -0.810 -0.805 -0.798 -0.806 -0.816 -0.776 -0.627 -0.469 -0.345 -0.275 
12  7 -0.227 -0.177 -0.165 -0.148 -0.145 -0.267 -0.544 -0.721 -0.788 -0.816 -0.828 -0.827 -0.821 -0.802 -0.791 -0.779 -0.802 -0.789 -0.813 -0.784 -0.620 -0.461 -0.357 -0.289 
12  8 -0.182 -0.149 -0.108 -0.086 -0.055 -0.074 -0.308 -0.565 -0.686 -0.766 -0.790 -0.816 -0.815 -0.811 -0.830 -0.828 -0.851 -0.855 -0.838 -0.715 -0.512 -0.366 -0.284 -0.238 
12  9 -0.189 -0.158 -0.126 -0.111 -0.118 -0.113 -0.182 -0.419 -0.594 -0.722 -0.768 -0.819 -0.835 -0.840 -0.853 -0.860 -0.870 -0.851 -0.742 -0.544 -0.402 -0.340 -0.257 -0.217 
12 10 -0.148 -0.139 -0.118 -0.110 -0.117 -0.125 -0.143 -0.227 -0.420 -0.567 -0.639 -0.696 -0.741 -0.762 -0.792 -0.814 -0.780 -0.636 -0.479 -0.361 -0.279 -0.234 -0.176 -0.169 
12 11 -0.281 -0.283 -0.281 -0.283 -0.279 -0.269 -0.272 -0.279 -0.358 -0.490 -0.594 -0.653 -0.703 -0.712 -0.724 -0.717 -0.636 -0.528 -0.449 -0.402 -0.358 -0.329 -0.326 -0.305 
12 12 -0.369 -0.360 -0.349 -0.346 -0.344 -0.323 -0.334 -0.348 -0.361 -0.448 -0.530 -0.604 -0.659 -0.664 -0.677 -0.665 -0.594 -0.535 -0.499 -0.463 -0.437 -0.419 -0.405 -0.392 
13  1 -0.305 -0.298 -0.279 -0.259 -0.245 -0.253 -0.240 -0.240 -0.231 -0.206 -0.235 -0.282 -0.320 -0.365 -0.418 -0.467 -0.477 -0.451 -0.424 -0.395 -0.368 -0.346 -0.339 -0.326 
13  2 -0.357 -0.336 -0.316 -0.294 -0.285 -0.274 -0.262 -0.255 -0.231 -0.243 -0.315 -0.371 -0.429 -0.485 -0.549 -0.623 -0.679 -0.677 -0.620 -0.571 -0.519 -0.472 -0.432 -0.389 
13  3 -0.517 -0.483 -0.461 -0.438 -0.427 -0.412 -0.391 -0.387 -0.404 -0.473 -0.550 -0.606 -0.651 -0.688 -0.738 -0.782 -0.833 -0.872 -0.844 -0.772 -0.708 -0.639 -0.584 -0.541 
13  4 -0.481 -0.445 -0.402 -0.364 -0.328 -0.297 -0.259 -0.340 -0.456 -0.567 -0.654 -0.676 -0.708 -0.704 -0.732 -0.758 -0.806 -0.853 -0.897 -0.847 -0.762 -0.685 -0.610 -0.538 
13  5 -0.461 -0.406 -0.371 -0.330 -0.284 -0.243 -0.280 -0.411 -0.513 -0.608 -0.641 -0.676 -0.697 -0.709 -0.740 -0.751 -0.771 -0.792 -0.828 -0.855 -0.762 -0.673 -0.599 -0.524 
13  6 -0.487 -0.435 -0.384 -0.352 -0.309 -0.289 -0.345 -0.450 -0.558 -0.638 -0.662 -0.691 -0.719 -0.706 -0.710 -0.735 -0.763 -0.797 -0.838 -0.891 -0.820 -0.718 -0.629 -0.563 
13  7 -0.474 -0.434 -0.387 -0.346 -0.303 -0.266 -0.295 -0.408 -0.523 -0.622 -0.676 -0.695 -0.694 -0.699 -0.727 -0.763 -0.794 -0.824 -0.841 -0.888 -0.787 -0.679 -0.601 -0.526 
13  8 -0.422 -0.373 -0.331 -0.299 -0.275 -0.225 -0.201 -0.286 -0.412 -0.540 -0.633 -0.661 -0.679 -0.708 -0.724 -0.773 -0.797 -0.839 -0.894 -0.878 -0.757 -0.647 -0.562 -0.497 
13  9 -0.393 -0.362 -0.329 -0.283 -0.260 -0.245 -0.215 -0.218 -0.308 -0.434 -0.545 -0.617 -0.667 -0.712 -0.755 -0.789 -0.828 -0.876 -0.846 -0.745 -0.649 -0.561 -0.493 -0.441 
13 10 -0.337 -0.307 -0.281 -0.269 -0.260 -0.250 -0.246 -0.228 -0.208 -0.277 -0.342 -0.417 -0.492 -0.546 -0.617 -0.682 -0.732 -0.707 -0.639 -0.566 -0.504 -0.458 -0.414 -0.372 
13 11 -0.372 -0.356 -0.346 -0.333 -0.320 -0.323 -0.312 -0.309 -0.293 -0.295 -0.327 -0.365 -0.414 -0.457 -0.499 -0.548 -0.549 -0.517 -0.487 -0.465 -0.436 -0.409 -0.395 -0.386 
13 12 -0.265 -0.256 -0.241 -0.242 -0.236 -0.229 -0.230 -0.227 -0.216 -0.214 -0.241 -0.274 -0.300 -0.328 -0.382 -0.422 -0.417 -0.389 -0.371 -0.342 -0.335 -0.310 -0.291 -0.279 
14  1  0.098  0.152  0.173  0.200  0.224  0.284  0.296  0.260  0.226  0.185  0.169  0.017 -0.113 -0.207 -0.307 -0.347 -0.406 -0.372 -0.278 -0.241 -0.172 -0.058 -0.005  0.037 
14  2 -0.142 -0.056  0.007  0.060  0.097  0.247  0.243  0.238  0.191  0.044 -0.127 -0.409 -0.603 -0.759 -0.853 -0.910 -0.916 -0.926 -0.805 -0.704 -0.591 -0.369 -0.332 -0.245 
14  3 -0.416 -0.334 -0.237 -0.190 -0.130 -0.047 -0.035 -0.110 -0.222 -0.475 -0.716 -0.995 -1.175 -1.256 -1.342 -1.333 -1.309 -1.269 -1.213 -1.084 -0.943 -0.712 -0.647 -0.518 
14  4 -0.554 -0.435 -0.328 -0.264 -0.163 -0.107 -0.141 -0.295 -0.472 -0.689 -0.860 -0.997 -1.087 -1.142 -1.109 -1.179 -1.173 -1.213 -1.297 -1.234 -1.095 -0.941 -0.789 -0.676 
14  5 -0.546 -0.437 -0.339 -0.253 -0.106 -0.065 -0.155 -0.422 -0.604 -0.822 -0.970 -1.121 -1.151 -1.217 -1.217 -1.220 -1.179 -1.274 -1.306 -1.263 -1.156 -0.976 -0.795 -0.679 
14  6 -0.547 -0.452 -0.331 -0.213 -0.096 -0.086 -0.298 -0.636 -0.853 -1.046 -1.171 -1.211 -1.266 -1.291 -1.268 -1.315 -1.256 -1.280 -1.289 -1.190 -1.134 -0.996 -0.852 -0.713 
14  7 -0.417 -0.296 -0.173 -0.070  0.010  0.070 -0.094 -0.459 -0.703 -0.992 -1.141 -1.236 -1.288 -1.317 -1.322 -1.308 -1.255 -1.269 -1.294 -1.218 -1.142 -0.947 -0.757 -0.571 
14  8 -0.338 -0.177 -0.069 -0.014  0.214  0.315  0.245 -0.101 -0.360 -0.687 -0.908 -1.117 -1.163 -1.177 -1.202 -1.189 -1.148 -1.146 -1.189 -1.129 -0.974 -0.726 -0.633 -0.465 
14  9 -0.315 -0.196 -0.101 -0.045  0.089  0.116  0.112 -0.038 -0.196 -0.428 -0.665 -0.924 -1.062 -1.143 -1.169 -1.167 -1.175 -1.181 -1.173 -1.000 -0.833 -0.604 -0.561 -0.421 
14 10 -0.139 -0.040  0.025  0.072  0.071  0.151  0.173  0.166  0.139  0.000 -0.145 -0.435 -0.580 -0.723 -0.804 -0.884 -0.899 -0.917 -0.813 -0.714 -0.580 -0.339 -0.326 -0.250 
14 11 -0.102 -0.076 -0.055 -0.019  0.026  0.040  0.032 -0.021 -0.036 -0.082 -0.166 -0.315 -0.448 -0.567 -0.646 -0.707 -0.768 -0.687 -0.593 -0.498 -0.401 -0.290 -0.206 -0.150 
14 12 -0.112 -0.105 -0.086 -0.072 -0.040 -0.079 -0.076 -0.115 -0.114 -0.171 -0.190 -0.287 -0.339 -0.427 -0.474 -0.525 -0.544 -0.489 -0.443 -0.348 -0.276 -0.239 -0.167 -0.145 
15  1  0.301  0.331  0.340  0.325  0.344  0.339  0.339  0.351  0.255  0.054 -0.098 -0.224 -0.326 -0.333 -0.331 -0.226 -0.127 -0.003  0.078  0.146  0.196  0.241  0.300  0.308 
15  2  0.252  0.189  0.177  0.286  0.202  0.204  0.212  0.156 -0.083 -0.340 -0.522 -0.631 -0.708 -0.730 -0.748 -0.664 -0.618 -0.417 -0.211 -0.081  0.006  0.143  0.135  0.190 
15  3 -0.000  0.024  0.055  0.086  0.080  0.089  0.054 -0.210 -0.489 -0.687 -0.793 -0.823 -0.887 -0.876 -0.865 -0.865 -0.844 -0.726 -0.542 -0.369 -0.275 -0.152 -0.105 -0.044 
15  4 -0.030  0.039  0.082  0.117  0.150  0.122 -0.207 -0.575 -0.816 -0.915 -0.933 -0.929 -0.945 -0.970 -0.976 -0.976 -0.970 -0.920 -0.782 -0.573 -0.383 -0.275 -0.194 -0.101 
15  5 -0.002  0.072  0.131  0.177  0.176 -0.052 -0.437 -0.713 -0.855 -0.908 -0.902 -0.938 -0.935 -0.944 -0.969 -0.985 -0.952 -0.934 -0.842 -0.658 -0.405 -0.265 -0.181 -0.108 
15  6 -0.075  0.022  0.062  0.066  0.055 -0.170 -0.571 -0.806 -0.913 -0.971 -0.945 -0.980 -0.967 -0.963 -0.958 -1.005 -1.051 -1.012 -0.952 -0.812 -0.469 -0.306 -0.215 -0.144 
15  7  0.020  0.068  0.085  0.150  0.139 -0.071 -0.490 -0.769 -0.930 -1.000 -0.998 -0.998 -1.021 -1.009 -1.011 -1.056 -1.031 -1.021 -0.918 -0.736 -0.417 -0.251 -0.177 -0.066 
15  8  0.135  0.176  0.222  0.276  0.247  0.177 -0.236 -0.568 -0.807 -0.890 -0.920 -0.960 -0.990 -1.002 -0.993 -1.002 -0.992 -0.941 -0.777 -0.515 -0.255 -0.113 -0.064  0.028 
15  9  0.115  0.143  0.196  0.228  0.225  0.229  0.026 -0.350 -0.626 -0.765 -0.807 -0.892 -0.925 -0.946 -0.978 -0.956 -0.920 -0.741 -0.487 -0.287 -0.152 -0.064  0.003  0.074 
15 10  0.284  0.290  0.288  0.317  0.293  0.286  0.258  0.066 -0.256 -0.461 -0.551 -0.641 -0.708 -0.745 -0.772 -0.730 -0.639 -0.374 -0.198 -0.078  0.034  0.125  0.203  0.233 
15 11  0.219  0.204  0.232  0.235  0.231  0.232  0.254  0.194  0.047 -0.164 -0.325 -0.391 -0.488 -0.509 -0.499 -0.421 -0.292 -0.154 -0.051  0.025  0.078  0.153  0.154  0.186 
15 12  0.157  0.180  0.157  0.160  0.151  0.174  0.165  0.188  0.124 -0.011 -0.150 -0.231 -0.321 -0.380 -0.356 -0.254 -0.147 -0.065  0.007  0.043  0.068  0.103  0.106  0.134 
 
