Projektname,Einfam_30000_heiz
Jahr,2012
Datum der Berechnung,2014-02-20 12:31:01.373000
Gebaeude- oder Firmenname,efh2
Klimafaktor,1
Profil,N1
Profilauspraegung,5
1 - 5; 1: Hoher Prozessgasanteil; 5: Hoher Heizgasanteil
A,3.355,B,-37.53,C,6.443,D,0.0475
Eingangsdaten_Energieverbrauchsmessung,"('01.01.2012', '31.12.2012', 30000)"
Mittlere Temperaturwerte,"[  0.9375      -0.12916667  -0.525        0.07083333   0.42916667  -2.3875
   4.34583333   5.42916667   6.78333333   6.92916667   6.0625       8.825
   7.97083333   6.50416667   2.675        3.07083333   5.62083333
   5.40833333   3.4          2.97916667   4.0375       3.075       -0.06666667
  -3.0375      -1.1375       0.13333333   1.2          1.05833333
   6.90416667   8.025        8.55        -4.78333333  -3.38333333
   0.61666667   0.64166667   3.40833333   4.23333333   2.23333333
   3.57916667   6.58333333   7.35416667   7.15416667  10.575        7.30416667
   2.70416667   1.95         3.35         4.29166667   3.70833333
   4.54166667   6.14583333   2.13333333   4.36666667   2.25833333
   2.00833333   2.08333333   5.91666667   6.16666667   6.55         8.3375
  10.15416667   9.36666667   6.69166667   1.49583333   3.27916667
   6.70416667   8.7625       9.5125       9.80416667  11.15416667   9.5375
   5.475        5.16666667   7.0875       8.125        6.2625       7.6375
   2.02083333   1.74166667   2.37083333   5.9875       8.29166667   7.1125
   2.00833333   1.52083333   4.95416667   8.00416667  11.35833333
  11.96666667  11.775       14.          15.875       14.25416667  11.9
   8.6875       9.3125       7.22083333   6.875        7.9          6.85416667
   7.10833333   5.54583333   2.7125       3.50833333   6.4375       5.29583333
   7.6375       8.5          8.77916667   8.68333333  10.57916667
  15.02916667  16.17083333  11.66666667  13.22083333  10.27916667
   9.92083333  13.45833333  10.54166667  14.25416667  14.96666667  12.6125
  14.77083333  12.7625      12.85416667  10.77083333  15.23333333   7.5375
   8.075       11.20416667  12.99583333  13.59166667  14.6875      14.29166667
  13.9875      19.51666667  21.70416667  18.29583333  18.05416667
  15.12916667  12.60833333   9.8375      11.275       21.25416667
  21.14166667  16.05416667  14.90416667  12.075       10.9125      13.3375
  14.3625      17.67916667  18.56666667  16.95833333  16.16666667  16.6875
  20.4625      16.74166667  15.03333333  16.6         15.67083333
  13.80833333  10.55416667  12.34166667  13.11666667  14.375       13.50416667
  13.09166667  12.7875      17.525       22.69166667  25.68333333
  20.34583333  18.71666667  18.53333333  18.3875      19.675       16.125
  12.72916667  14.06666667  15.44166667  13.26666667  17.57916667  20.475
  21.84166667  24.6625      25.3625      20.7875      16.21666667
  16.20416667  18.99166667  15.74583333  14.90833333  15.35        15.325
  15.34583333  14.77916667  17.24583333  16.54583333  15.2875      14.37083333
  16.2375      20.95833333  21.51666667  21.57083333  22.99166667
  23.44166667  25.525       24.1125      22.4         18.075       15.35416667
  16.02083333  15.79583333  16.99583333  16.64583333  15.16666667
  13.41666667  25.9875      22.82916667  25.00416667  26.3125      23.17916667
  21.34583333  20.39583333  16.59583333  18.54583333  19.66666667
  20.63333333  19.88333333  21.33333333  19.67916667  17.40416667  14.5
  15.0875      17.95        17.52916667  15.30416667  17.9875      17.72916667
  19.05416667  19.52916667  16.6875      17.125       19.03333333
  19.01666667  20.30416667  20.95        15.36666667  16.54583333  15.3125
  15.2         16.44583333  16.1875      15.5         14.25833333
  14.68333333  13.4125      14.04583333  15.90833333  17.80833333
  15.30416667  12.5875      12.89166667  14.9625      14.17083333  13.4
  13.02916667  12.7625      10.94583333   7.54166667   8.84166667  14.9125
  16.47916667  12.90833333  11.45        13.35416667  12.54583333  16.225
  16.4625      14.1875      16.59166667   9.96666667   8.70833333   7.75
   8.11666667  10.8         11.47916667   9.9375       7.84583333   8.275
   9.17083333  10.075       14.11666667  12.96666667  13.3         10.62083333
   9.8375       6.4625       8.89166667  12.04166667   8.26666667
   5.65416667   5.72916667   6.625        0.35         5.02916667
   4.58333333   9.67916667  11.20416667  11.52083333   9.925        9.32916667
   8.54166667   7.825        7.51666667   6.1625       6.075        7.34166667
   3.29166667   7.42083333   9.7          6.9          1.5375       1.44166667
   1.61666667   8.9          7.1875       3.55         4.05         2.8375
   7.18333333   7.55416667   6.825       -0.84166667  -3.33333333
  -1.22083333  -0.83333333  -0.0625      -0.32916667  -0.2125      -2.0625
   1.           1.33333333   3.1          6.6          8.72916667
   8.84166667   9.85833333   6.63333333   7.88333333   4.95833333
   5.80416667   2.89166667   1.56666667   2.075        2.88333333
   1.33333333   4.2          7.89166667   9.51666667   7.6625       4.97083333
   6.8875       5.79583333   5.79583333]"
Lastprofilfaktoren h ueber Tage,"[ 1.9400927   2.08136071  2.13165667  2.0554923   2.00841084  2.35098859
  1.45040161  1.29123744  1.09726341  1.0769243   1.19951948  0.82688892
  0.93589946  1.13654501  1.69540354  1.63786255  1.26333404  1.29427694
  1.58969374  1.65122917  1.49588242  1.63725444  2.07330909  2.4204506
  2.20701779  2.0473474   1.90415945  1.92360492  1.08040174  0.92879486
  0.8612573   2.58855922  2.45588177  1.98341365  1.98006252  1.58847124
  1.46699708  1.75896676  1.56338272  1.1253612   1.01843356  1.04580745
  0.62645591  1.02525087  1.69118053  1.79931383  1.59702586  1.45839187
  1.5443831   1.421522    1.18756712  1.77324827  1.44732859  1.75538962
  1.79103718  1.7803724   1.22050729  1.18458386  1.13006603  0.88829822
  0.67160733  0.7613689   1.11011312  1.86317004  1.60740426  1.10835801
  0.83463649  0.74424313  0.71067038  0.56764569  0.7413298   1.28455487
  1.3296171   1.05499278  0.91574384  1.17088665  0.98014709  1.78926153
  1.82873787  1.73926015  1.21030222  0.89418417  1.05154482  1.79103718
  1.85968336  1.36079846  0.93152449  0.54784787  0.49177195  0.50896814
  0.33566583  0.23145767  0.31942429  0.49770402  0.84398318  0.76778655
  1.03665206  1.08446365  0.94522693  1.08736821  1.05211919  1.2742394
  1.68997343  1.57379133  1.14598888  1.31071039  0.98014709  0.86758263
  0.83256678  0.84450401  0.62601895  0.27410113  0.21811486  0.5188797
  0.38988802  0.65798664  0.69749924  0.37264027  0.62995876  0.31942429
  0.2775281   0.4370154   0.28852107  0.42499712  0.41778139  0.6061349
  0.26317689  0.99359159  0.9222587   0.56275197  0.40682107  0.3632363
  0.2933175   0.31708674  0.33648263  0.1139714   0.07994045  0.14316546
  0.15002375  0.268699    0.43735299  0.70689201  0.55586944  0.08537616
  0.08684737  0.22328331  0.2809943   0.48224427  0.59171116  0.38133554
  0.31271222  0.16144783  0.13592649  0.18627227  0.21829737  0.1966414
  0.09677365  0.19452     0.27387406  0.20011936  0.24112973  0.34837796
  0.6286437   0.45938094  0.39765527  0.31194577  0.36938515  0.39953789
  0.42301953  0.16643173  0.07025591  0.05423269  0.09867109  0.13211308
  0.13679262  0.14066343  0.11079089  0.22013095  0.42764522  0.33133824
  0.25244995  0.38650965  0.16466108  0.09657385  0.07841559  0.05798164
  0.0552637   0.09179255  0.21611725  0.21666023  0.12547015  0.237532
  0.280762    0.25711808  0.25840527  0.25733219  0.28804534  0.17590074
  0.20230428  0.26034741  0.31220107  0.21521533  0.08934654  0.0821204
  0.08147847  0.0678462   0.06463452  0.05472604  0.06064219  0.07282323
  0.14941729  0.25690413  0.22478225  0.23516246  0.18488287  0.19828967
  0.26669874  0.37562001  0.05336424  0.06912341  0.05656931  0.0525426
  0.06645164  0.08421148  0.09785063  0.20028656  0.13646702  0.11095511
  0.09410059  0.10679776  0.08436852  0.11070892  0.17045905  0.30437194
  0.27093782  0.15309994  0.16629477  0.25948255  0.15198404  0.159868
  0.12402148  0.11371562  0.1966414   0.18018167  0.12450191  0.12488802
  0.09936322  0.08946319  0.25626331  0.20230428  0.25905113  0.26493236
  0.20640273  0.21738632  0.24952124  0.31916382  0.29355919  0.37591906
  0.33268543  0.22991489  0.15740268  0.25948255  0.43904395  0.41485756
  0.27775796  0.32467269  0.37681739  0.40427582  0.42499712  0.58835124
  0.99302989  0.8248293   0.28052987  0.2050272   0.4135633   0.53911859
  0.38012638  0.44244109  0.21575603  0.20571379  0.32361705  0.20045391
  0.69236573  0.84138148  0.96511426  0.91682816  0.60314627  0.53636186
  0.69562984  0.9523875   0.89632916  0.78471435  0.6803243   0.32812416
  0.40905867  0.38406768  0.62166033  0.70689201  1.1424447   0.81866669
  0.48516111  0.89740257  1.25849306  1.24761457  1.11948876  2.01889175
  1.34978347  1.41538021  0.72494673  0.56275197  0.53244107  0.6970316
  0.76580864  0.86230991  0.95514792  0.99640205  1.18518036  1.19772468
  1.02013623  1.60557356  1.00937167  0.72255561  1.08098169  1.857357
  1.87071259  1.84628612  0.81764197  1.04122598  1.56766959  1.49403906
  1.6718395   1.04179825  0.99134557  1.09143905  2.17100113  2.45082475
  2.21703203  2.16997615  2.07277126  2.10692556  2.09205005  2.31485934
  1.93157598  1.88574793  1.63360482  1.12301107  0.83878393  0.8248293
  0.70453669  1.11831543  0.94742764  1.36018626  1.23675592  1.66396614
  1.85328221  1.78155865  1.665178    1.88574793  1.47191432  0.946327
  0.74375712  0.97679793  1.35834984  1.08272219  1.23796142  1.23796142]"
Kundenwerte KW ueber Tage,102.399814439
